76561197960525228
76561197961485703
76561197962687842
76561197962719132
76561197963321062
76561197963724383
76561197964032218
76561197965749736
76561197967755595
76561197967896978
76561197968057566
76561197968165632
76561197968428949
76561197970303052
76561197970551322
76561197970747443
76561197970783213
76561197970991275
76561197972410266
76561197972787548
76561197974313276
76561197974579292
76561197974875874
76561197975809379
76561197975890238
76561197977299109
76561197978664719
76561197979616905
76561197980200984
76561197982127491
76561197982552856
76561197983213210
76561197983279505
76561197984135346
76561197985612908
76561197985869326
76561197987189328
76561197987688027
76561197987778422
76561197987851329
76561197988223950
76561197988296682
76561197989289111
76561197989621008
76561197989960627
76561197991350313
76561197991695656
76561197991718771
76561197993167238
76561197994269717
76561197994762970
76561197994834102
76561197995675648
76561197996096757
76561197996770831
76561197996884118
76561197996925420
76561197997003211
76561197997121189
76561197997712292
76561197998361595
76561197998408405
76561197998728826
76561197998892123
76561197999126646
76561197999230702
76561197999324354
76561197999345030
76561197999476754
76561197999666666
76561197999881214
76561198000111014
76561198000700890
76561198000803480
76561198000829625
76561198000970193
76561198001172011
76561198001409921
76561198001412855
76561198001994666
76561198004249051
76561198004920104
76561198005572669
76561198005613143
76561198006269065
76561198006321552
76561198006820593
76561198007318304
76561198007656153
76561198009467141
76561198009761393
76561198010107867
76561198010195412
76561198010312056
76561198010363900
76561198011164279
76561198011979438
76561198012491582
76561198014415913
76561198015189652
76561198015815110
76561198017412898
76561198017475978
76561198018207813
76561198018533211
76561198018578905
76561198019127587
76561198019704170
76561198020127549
76561198022167760
76561198024175288
76561198025390279
76561198026837589
76561198026880674
76561198027315255
76561198030768495
76561198030884076
76561198031692032
76561198031700507
76561198032219165
76561198032281553
76561198032601434
76561198035509401
76561198036121210
76561198036183192
76561198036267318
76561198037420180
76561198039473313
76561198040625586
76561198040668886
76561198041867481
76561198042836380
76561198044346165
76561198044832249
76561198046011208
76561198046089650
76561198046386542
76561198046498251
76561198046975421
76561198047082175
76561198047247339
76561198047385833
76561198047859354
76561198048074663
76561198048650127
76561198048837890
76561198049173682
76561198049549619
76561198052242665
76561198052631792
76561198052676565
76561198052941195
76561198054580274
76561198055420594
76561198056490174
76561198058324820
76561198058864808
76561198059112965
76561198059443474
76561198059555771
76561198060552170
76561198060591086
76561198060693007
76561198061495705
76561198061767028
76561198061788016
76561198061934094
76561198062112767
76561198062266082
76561198062410080
76561198062938926
76561198063090000
76561198063408411
76561198063855425
76561198063948915
76561198065359827
76561198065802648
76561198065938950
76561198065994542
76561198066840305
76561198066894228
76561198066914732
76561198067523223
76561198067799124
76561198068360428
76561198068429874
76561198069291357
76561198069461635
76561198069652473
76561198070136752
76561198070429325
76561198072367891
76561198072638960
76561198073024294
76561198073363991
76561198074792700
76561198075066554
76561198075759809
76561198075906193
76561198075923045
76561198077583317
76561198078215341
76561198078690553
76561198079085359
76561198079295532
76561198079393691
76561198079580841
76561198080277296
76561198083089274
76561198083949486
76561198084283294
76561198084574028
76561198084936343
76561198086158757
76561198087489446
76561198087545341
76561198089638718
76561198089675937
76561198089751730
76561198090271815
76561198090388595
76561198090503838
76561198091274367
76561198091851933
76561198092020719
76561198092406510
76561198092687202
76561198093952983
76561198095260482
76561198095365611
76561198095953024
76561198096822467
76561198096866817
76561198097076267
76561198097162139
76561198098169760
76561198098318032
76561198100257415
76561198100686583
76561198103007902
76561198104142269
76561198104745884
76561198105098440
76561198105737420
76561198108666711
76561198109097193
76561198109233183
76561198110192595
76561198111021540
76561198111251038
76561198111419961
76561198111649731
76561198112054723
76561198113362532
76561198114522039
76561198115238443
76561198118006103
76561198118460397
76561198118637283
76561198118811349
76561198119089849
76561198119497344
76561198119586578
76561198120840459
76561198121680633
76561198121981827
76561198122586439
76561198122919106
76561198123048734
76561198123158541
76561198123426975
76561198124120550
76561198125167280
76561198126159778
76561198126634202
76561198127849265
76561198128096103
76561198128600183
76561198129420122
76561198129648484
76561198130312064
76561198130971240
76561198131396715
76561198132164697
76561198133841937
76561198134727247
76561198135666783
76561198136227869
76561198136976089
76561198137088429
76561198137598610
76561198137658099
76561198137945794
76561198138323156
76561198138477004
76561198139262651
76561198139886385
76561198140166190
76561198141454699
76561198141634724
76561198141794816
76561198143761783
76561198143768763
76561198143843367
76561198143876698
76561198144054356
76561198145302349
76561198146118405
76561198147277460
76561198148049502
76561198148214909
76561198149618699
76561198150869512
76561198151699666
76561198151827140
76561198151977346
76561198152572893
76561198153181944
76561198153254699
76561198153541182
76561198154104198
76561198155214522
76561198155456519
76561198156126344
76561198156447719
76561198157951224
76561198158189014
76561198160988956
76561198161071532
76561198161422735
76561198161520299
76561198162695775
76561198162717780
76561198163009375
76561198163722629
76561198165922625
76561198166274881
76561198167335380
76561198168012908
76561198169786470
76561198169998706
76561198170193398
76561198171244883
76561198171568545
76561198173852318
76561198175139415
76561198176597974
76561198177644827
76561198178330487
76561198178597195
76561198179189498
76561198180195597
76561198182072231
76561198183385449
76561198184272859
76561198186167439
76561198186189854
76561198186701038
76561198188999317
76561198190185971
76561198190482079
76561198191687569
76561198192842086
76561198193525134
76561198194379711
76561198195187330
76561198195498506
76561198199229970
76561198199695206
76561198200268041
76561198200687313
76561198200728565
76561198200812863
76561198201937619
76561198202173398
76561198202308359
76561198202816899
76561198203014124
76561198203104913
76561198203758172
76561198203918620
76561198205786747
76561198205976675
76561198206658677
76561198208933901
76561198210164960
76561198210512053
76561198210549203
76561198211003269
76561198211200211
76561198212276916
76561198212577313
76561198212600829
76561198214293493
76561198215224705
76561198216102247
76561198216603729
76561198216837024
76561198217268932
76561198217299731
76561198218424364
76561198219468419
76561198220502413
76561198222089280
76561198222685632
76561198228519064
76561198229777208
76561198230370436
76561198231897380
76561198233091252
76561198234899212
76561198235240668
76561198236491828
76561198237497104
76561198239650250
76561198240805808
76561198241200062
76561198241223978
76561198243248924
76561198243963564
76561198244123876
76561198245315262
76561198248994274
76561198249670878
76561198252044210
76561198252276536
76561198253485765
76561198253502173
76561198254124886
76561198254414549
76561198254943938
76561198255282077
76561198255546265
76561198255763662
76561198256218842
76561198256648146
76561198258515510
76561198258723604
76561198259489016
76561198261788808
76561198261846462
76561198262777033
76561198267331108
76561198267798603
76561198267863183
76561198269144484
76561198271652279
76561198271850631
76561198271891759
76561198272260125
76561198272356499
76561198272563578
76561198273006538
76561198273126858
76561198273326575
76561198273497848
76561198273973003
76561198274209804
76561198274231117
76561198274417488
76561198274507164
76561198275660315
76561198275839806
76561198276627822
76561198277627259
76561198279799189
76561198279945329
76561198283076557
76561198283619846
76561198285199297
76561198288180253
76561198288618846
76561198289578370
76561198291814372
76561198291915879
76561198292555316
76561198292821587
76561198295508776
76561198296110061
76561198299774692
76561198300357149
76561198300397055
76561198301265071
76561198301603439
76561198302619442
76561198302894018
76561198304638650
76561198305250431
76561198306528591
76561198307582858
76561198309132792
76561198309164491
76561198310117352
76561198311177095
76561198311458278
76561198311979208
76561198312930419
76561198313168077
76561198313458187
76561198313507654
76561198313915836
76561198313951885
76561198314836600
76561198314911697
76561198316334587
76561198317071532
76561198317311273
76561198319438161
76561198319746954
76561198321605332
76561198321690077
76561198321904876
76561198321946005
76561198322561288
76561198322588316
76561198323685868
76561198327096754
76561198328584537
76561198329153447
76561198329199865
76561198329309272
76561198330604549
76561198331362454
76561198331559346
76561198331863806
76561198334066390
76561198335613942
76561198336647288
76561198336756163
76561198338474711
76561198340080617
76561198340726407
76561198340779151
76561198341800810
76561198342088350
76561198343303917
76561198344733255
76561198345665409
76561198346155127
76561198346309325
76561198346520546
76561198346792371
76561198347220875
76561198347882675
76561198347978064
76561198348478436
76561198349667523
76561198351057630
76561198351371239
76561198352968667
76561198353006535
76561198354349154
76561198354512835
76561198354786277
76561198355622870
76561198356010244
76561198356394405
76561198356726041
76561198357381570
76561198357791264
76561198358409157
76561198359011813
76561198359065458
76561198359505641
76561198360177740
76561198360429080
76561198361234122
76561198362637506
76561198363744590
76561198365073741
76561198365795785
76561198366003463
76561198366445674
76561198366573188
76561198366629386
76561198367841006
76561198368096094
76561198368237096
76561198368517447
76561198368646264
76561198369631873
76561198370162415
76561198370293162
76561198372550264
76561198373903417
76561198374593500
76561198375273260
76561198375390365
76561198375864986
76561198376153807
76561198376215295
76561198377160110
76561198377945057
76561198378483823
76561198379496549
76561198379568068
76561198380855520
76561198381477540
76561198383993331
76561198384884367
76561198385995093
76561198386413128
76561198386694005
76561198387654998
76561198387830927
76561198389283409
76561198389743694
76561198390569349
76561198390629399
76561198391321537
76561198392055724
76561198392722004
76561198393212281
76561198393414558
76561198393558773
76561198393768766
76561198394008822
76561198394167010
76561198394178869
76561198395121302
76561198395394968
76561198395687757
76561198395919505
76561198397037383
76561198397143311
76561198397429745
76561198397500212
76561198397507309
76561198397912491
76561198398319125
76561198398458549
76561198398709316
76561198399114587
76561198399648486
76561198399812756
76561198401251149
76561198401464718
76561198403283659
76561198404283785
76561198405477219
76561198406608581
76561198407997130
76561198408453389
76561198409193080
76561198410573994
76561198412589084
76561198414010710
76561198414483097
76561198417720417
76561198418564433
76561198419289455
76561198419854940
76561198419996004
76561198421373010
76561198421585062
76561198424029469
76561198424625680
76561198425258610
76561198425297750
76561198425449443
76561198425844667
76561198428658054
76561198429041770
76561198430693278
76561198432263030
76561198432712663
76561198434291030
76561198436401006
76561198439188028
76561198439370952
76561198441297205
76561198441360648
76561198442604930
76561198444029828
76561198446037956
76561198447508354
76561198450213372
76561198450845400
76561198450936559
76561198451838089
76561198451885843
76561198453537841
76561198563962216
76561198657945373
76561198658549436
76561198658748247
76561198660588130
76561198661488785
76561198662378428
76561198662438365
76561198662649831
76561198664555777
76561198664998586
76561198665491648
76561198666319962
76561198666364112
76561198666485887
76561198667858940
76561198668860168
76561198669837821
76561198670661657
76561198671743805
76561198671851631
76561198672011041
76561198672128739
76561198672149205
76561198672315640
76561198673668217
76561198673922411
76561198674015994
76561198674888961
76561198674893023
76561198674895102
76561198675235983
76561198675298072
76561198675629939
76561198675711936
76561198675716368
76561198675730733
76561198676392958
76561198676632054
76561198676696508
76561198676815255
76561198676913059
76561198677030678
76561198677036812
76561198677309989
76561198677377577
76561198677595131
76561198677611269
76561198677672188
76561198677916659
76561198678338200
76561198678452778
76561198678602763
76561198678646949
76561198678663593
76561198679101065
76561198679116468
76561198679134196
76561198679303699
76561198679837991
76561198680393260
76561198680485680
76561198680812456
76561198681081544
76561198681324635
76561198681876327
76561198681976464
76561198682234160
76561198682908327
76561198683045416
76561198683346692
76561198683678819
76561198684010905
76561198684097307
76561198684169219
76561198684217458
76561198684851135
76561198685111240
76561198685144797
76561198685880676
76561198685959536
76561198686112028
76561198686639881
76561198686803280
76561198687239745
76561198687362546
76561198687798161
76561198687902502
76561198687941205
76561198688395670
76561198688939004
76561198689043635
76561198689516911
76561198689560322
76561198690099079
76561198690239174
76561198690315409
76561198690410333
76561198690447606
76561198690606200
76561198691009494
76561198691210713
76561198691315422
76561198691396758
76561198691662493
76561198691857554
76561198692622187
76561198692791629
76561198693255915
76561198693494075
76561198693523143
76561198693551329
76561198693613509
76561198693810251
76561198693902233
76561198694087789
76561198694177234
76561198694259969
76561198694363275
76561198694422683
76561198694490008
76561198695441465
76561198695474081
76561198695482144
76561198695861681
76561198696298741
76561198696309834
76561198696821867
76561198697144607
76561198697207227
76561198697322664
76561198697361800
76561198697579799
76561198697699127
76561198697722513
76561198697908888
76561198697925617
76561198697983660
76561198698222830
76561198698312116
76561198698399459
76561198698428077
76561198698807209
76561198698832290
76561198698836779
76561198699209788
76561198699247249
76561198699320868
76561198699529866
76561198699608615
76561198699741380
76561198699908044
76561198699912833
76561198699958052
76561198699976590
76561198700006096
76561198700121551
76561198700178809
76561198701246295
76561198701552982
76561198701601846
76561198701842364
76561198701960383
76561198701982930
76561198702075399
76561198703146968
76561198703176876
76561198703190173
76561198703291855
76561198703296172
76561198703379709
76561198703955202
76561198704318032
76561198704441690
76561198704589479
76561198705183576
76561198705237632
76561198705242260
76561198705443060
76561198705606813
76561198705681882
76561198705740436
76561198705829685
76561198706004954
76561198706009541
76561198706685895
76561198706790710
76561198706838932
76561198706856144
76561198707032515
76561198707296880
76561198707326855
76561198707337412
76561198707474152
76561198707551579
76561198707839626
76561198707859765
76561198707939545
76561198708332928
76561198708351446
76561198708460228
76561198708468506
76561198708504295
76561198708544726
76561198708622425
76561198708639335
76561198708667881
76561198708687224
76561198708947632
76561198708992014
76561198709076886
76561198709218730
76561198709496285
76561198709657804
76561198709786880
76561198709855727
76561198709943453
76561198710032436
76561198710231722
76561198710234375
76561198710249512
76561198710487628
76561198710546984
76561198710610562
76561198710683557
76561198710977461
76561198711165544
76561198711181896
76561198711274764
76561198711305233
76561198711530945
76561198711594473
76561198711659793
76561198711703586
76561198711900384
76561198712049156
76561198712052095
76561198712093072
76561198712154666
76561198712300949
76561198712518315
76561198712787019
76561198712869961
76561198712939616
76561198713093561
76561198713173257
76561198713232516
76561198713569289
76561198713717913
76561198713733034
76561198713748032
76561198713867165
76561198713987384
76561198714044742
76561198714113480
76561198714292773
76561198714467775
76561198714571528
76561198714719382
76561198714730386
76561198714997576
76561198715100599
76561198715101920
76561198715354251
76561198715373876
76561198715454095
76561198715528535
76561198715842984
76561198715928845
76561198716179310
76561198716200279
76561198716468067
76561198716681260
76561198716864835
76561198717032755
76561198717217813
76561198717292812
76561198717304398
76561198717526774
76561198717526913
76561198717810401
76561198718002949
76561198718165592
76561198718344940
76561198718382529
76561198718441578
76561198718664178
76561198718835839
76561198719013596
76561198719058077
76561198719101409
76561198719170562
76561198719171118
76561198719365615
76561198719537006
76561198719619329
76561198719789107
76561198719803306
76561198719991568
76561198720095951
76561198720250524
76561198720251394
76561198720312500
76561198720332057
76561198720551728
76561198720827832
76561198720864114
76561198720902322
76561198721070007
76561198721111981
76561198721131072
76561198721308217
76561198721551642
76561198721595666
76561198721849656
76561198721891745
76561198721897393
76561198722074322
76561198722296736
76561198722375410
76561198722518650
76561198722538225
76561198722842550
76561198722852086
76561198723003311
76561198723099441
76561198723267486
76561198723561588
76561198723572335
76561198723592427
76561198723748813
76561198723890069
76561198724003892
76561198724097091
76561198724207983
76561198724215842
76561198724296479
76561198724341423
76561198724364478
76561198724385138
76561198724521611
76561198724523475
76561198724533558
76561198724591668
76561198724593725
76561198724788019
76561198725140711
76561198725389165
76561198725539264
76561198725648366
76561198726007589
76561198726031593
76561198726104949
76561198726115137
76561198726434688
76561198726594016
76561198726598532
76561198726724727
76561198726756180
76561198726947150
76561198726966925
76561198727062095
76561198727092783
76561198727265608
76561198727376355
76561198727396631
76561198727433383
76561198727521330
76561198727696761
76561198727730574
76561198727858929
76561198727905177
76561198728178173
76561198728343175
76561198728483928
76561198728521183
76561198728539087
76561198728540812
76561198728887261
76561198728894465
76561198728917200
76561198729017219
76561198729022286
76561198729174112
76561198729516532
76561198729527072
76561198729713378
76561198729792256
76561198730178471
76561198730198968
76561198730348502
76561198730359009
76561198730386303
76561198730602733
76561198730605918
76561198730636930
76561198730680489
76561198730732851
76561198730761505
76561198730784453
76561198730901574
76561198730971353
76561198730993694
76561198731209156
76561198731476623
76561198731795605
76561198731891237
76561198732246866
76561198732428736
76561198732650587
76561198732722315
76561198733072871
76561198733078230
76561198733092639
76561198733092742
76561198733142716
76561198733241771
76561198733284561
76561198733360531
76561198733497873
76561198733563486
76561198733603604
76561198733716696
76561198733732618
76561198733782437
76561198733925786
76561198733965890
76561198733996745
76561198734156311
76561198734221951
76561198735028422
76561198735212753
76561198735408617
76561198735483109
76561198735525728
76561198735942293
76561198736086763
76561198736320005
76561198736447130
76561198736469078
76561198736540826
76561198736552813
76561198736567279
76561198736855875
76561198736921032
76561198737100387
76561198737107836
76561198737261273
76561198737266788
76561198737474022
76561198737508832
76561198737655986
76561198737950882
76561198738016005
76561198738060192
76561198738067583
76561198738292205
76561198738359836
76561198738477880
76561198738612317
76561198738823256
76561198739039622
76561198739225385
76561198739253934
76561198739621741
76561198739920193
76561198740262146
76561198740506964
76561198740588841
76561198740799677
76561198740974266
76561198741081430
76561198741163980
76561198741167228
76561198741474496
76561198741686671
76561198741702659
76561198741857578
76561198741984163
76561198742024000
76561198742175322
76561198742330386
76561198742456086
76561198742579085
76561198742821345
76561198742834868
76561198742884095
76561198743000662
76561198743296039
76561198743425511
76561198743608882
76561198743633369
76561198743832972
76561198743941811
76561198743957241
76561198744785356
76561198744831021
76561198745135826
76561198745248302
76561198745418524
76561198745527208
76561198745568151
76561198745626900
76561198745657223
76561198745790301
76561198745819494
76561198746338060
76561198746805458
76561198746870371
76561198746879310
76561198746891217
76561198747277627
76561198747307385
76561198747398394
76561198747663305
76561198747812326
76561198747872045
76561198748127930
76561198748434948
76561198748801758
76561198748941439
76561198749170040
76561198749303670
76561198749653951
76561198749877055
76561198749899951
76561198750459003
76561198750478953
76561198750541186
76561198750561297
76561198751027300
76561198751036984
76561198751316805
76561198751625458
76561198751642073
76561198751787325
76561198751983046
76561198752241972
76561198752350319
76561198752535566
76561198752537673
76561198752602705
76561198752846468
76561198753460072
76561198753599184
76561198753796894
76561198754057754
76561198754158377
76561198754203998
76561198754235553
76561198754434871
76561198754451303
76561198754661812
76561198754782784
76561198755119987
76561198755977573
76561198756010690
76561198756090846
76561198756268292
76561198756273406
76561198756858440
76561198757063522
76561198757175595
76561198757194434
76561198757283708
76561198757626213
76561198757819017
76561198757944797
76561198757965391
76561198757971264
76561198758051133
76561198758079963
76561198758174619
76561198758297062
76561198758810071
76561198759053260
76561198759509018
76561198759543686
76561198759596419
76561198759607418
76561198759881852
76561198759936047
76561198760063969
76561198760467749
76561198760712156
76561198760888806
76561198760975240
76561198760983494
76561198761025428
76561198761206393
76561198761414432
76561198761587098
76561198761661584
76561198761761423
76561198762238800
76561198762620595
76561198762629565
76561198762746478
76561198762792906
76561198763010652
76561198763107004
76561198763178437
76561198763440885
76561198763636095
76561198763636256
76561198763764280
76561198763966012
76561198764881669
76561198765264224
76561198765445199
76561198765653477
76561198765734450
76561198765899386
76561198766027710
76561198766734403
76561198767009826
76561198767043584
76561198767194435
76561198767309055
76561198767334016
76561198767419496
76561198767629537
76561198767704318
76561198767848941
76561198767868086
76561198768533485
76561198768543263
76561198768850333
76561198768888064
76561198769158441
76561198769165303
76561198769279190
76561198769285796
76561198769344651
76561198769375070
76561198769458755
76561198769522943
76561198769695356
76561198769930977
76561198770106443
76561198770157908
76561198770180333
76561198770296589
76561198770395203
76561198770788655
76561198770843018
76561198770880817
76561198770970904
76561198771000600
76561198771093879
76561198771159533
76561198771458211
76561198771586195
76561198771773190
76561198772119228
76561198772158956
76561198772431722
76561198772516175
76561198772537924
76561198772695629
76561198772760527
76561198773152051
76561198773309803
76561198773490534
76561198773898869
76561198774249332
76561198774477362
76561198774624582
76561198774754635
76561198774859915
76561198775591636
76561198775655790
76561198776071798
76561198776627317
76561198777019562
76561198777118939
76561198777242418
76561198777913986
76561198778430260
76561198778680411
76561198778690379
76561198778788162
76561198779497341
76561198779964260
76561198780066637
76561198780089002
76561198780112058
76561198780122124
76561198780301884
76561198780469288
76561198780499877
76561198780503549
76561198780581635
76561198781047669
76561198781566192
76561198782155319
76561198782169191
76561198782196452
76561198782398870
76561198782717402
76561198782957659
76561198782969629
76561198783235773
76561198783247877
76561198783392452
76561198783429402
76561198783462628
76561198783672759
76561198783673959
76561198784002141
76561198784506263
76561198785807939
76561198786252446
76561198786585926
76561198786945604
76561198787197222
76561198787402563
76561198787584390
76561198787585537
76561198787631105
76561198787875762
76561198788113278
76561198788175451
76561198788374040
76561198788398541
76561198788416115
76561198788830072
76561198788989603
76561198789165463
76561198789184701
76561198789376531
76561198789515104
76561198789746908
76561198790054258
76561198790107474
76561198790730271
76561198790805022
76561198790994192
76561198791028582
76561198791585904
76561198792195424
76561198792285397
76561198792341220
76561198792518142
76561198792586005
76561198792750544
76561198792952533
76561198793299055
76561198793333626
76561198793502935
76561198793519999
76561198793522553
76561198793533767
76561198793674170
76561198793894581
76561198794060177
76561198794077160
76561198794369819
76561198794578661
76561198794893613
76561198795091296
76561198795221616
76561198795265707
76561198795315972
76561198796521932
76561198796988254
76561198797763355
76561198797830038
76561198797839278
76561198798789652
76561198799715550
76561198800425260
76561198802304895
76561198802632371
76561198804393839
76561198804491132
76561198805095159
76561198805260877
76561198805630562
76561198805787046
76561198806385885
76561198807609322
76561198807774065
76561198808734002
76561198810372799
76561198810906868
76561198811737080
76561198814951303
76561198815657633
76561198817624697
76561198817737520
76561198818679993
76561198819728111
76561198819761397
76561198820005708
76561198820676381
76561198820828675
76561198821432183
76561198821886249
76561198821945194
76561198822583489
76561198825678389
76561198826101838
76561198827297359
76561198828391139
76561198828640110
76561198828680317
76561198830499244
76561198830568621
76561198830705887
76561198831197272
76561198831809183
76561198832582535
76561198833576238
76561198833978916
76561198834385408
76561198835016441
76561198835300681
76561198835382753
76561198836499298
76561198836950628
76561198836970882
76561198837137316
76561198839092330
76561198839612863
76561198840019318
76561198840093275
76561198841892603
76561198842169244
76561198842276700
76561198842446712
76561198842559549
76561198842759573
76561198844140782
76561198844803570
76561198844846842
76561198845094851
76561198845461354
76561198845921093
76561198846475207
76561198846588008
76561198847048581
76561198847065647
76561198847550171
76561198847871736
76561198848021864
76561198849230568
76561198849248445
76561198849789524
76561198850043401
76561198851608454
76561198851698125
76561198852323957
76561198852620112
76561198852715020
76561198852783552
76561198853013255
76561198853958880
76561198855768446
76561198856036887
76561198856353984
76561198856447420
76561198856478906
76561198856613536
76561198856879912
76561198857563583
76561198857649472
76561198858287373
76561198858803610
76561198859317790
76561198859622491
76561198860261110
76561198860711162
76561198861167161
76561198862380326
76561198862900601
76561198863907147
76561198865740474
76561198866098652
76561198866887388
76561198867675397
76561198868164015
76561198868328437
76561198868467104
76561198868788995
76561198868836050
76561198868903776
76561198869045511
76561198869245954
76561198869315428
76561198869478633
76561198869680413
76561198869831569
76561198869901479
76561198869942883
76561198870474325
76561198870745606
76561198871086839
76561198871722106
76561198871925269
76561198872785264
76561198872955188
76561198872968520
76561198873820822
76561198873845068
76561198874588602
76561198874805257
76561198874830080
76561198875891774
76561198876745233
76561198877416292
76561198877514985
76561198877709564
76561198878023478
76561198878978157
76561198879059246
76561198879420639
76561198879755450
76561198880262314
76561198880917766
76561198882096940
76561198882367837
76561198882520424
76561198883094826
76561198883413124
76561198883980890
76561198884198351
76561198884590374
76561198885274716
76561198886486776
76561198889059650
76561198889355031
76561198889886843
76561198890331717
76561198891968125
76561198896418297
76561198898120720
76561198899041129
76561198905249863
76561198905412059
76561198908598519
76561198910284435
76561198910291027
76561198910473482
76561198910750307
76561198910799733
76561198911253398
76561198914319730
76561198914586114
76561198915816376
76561198917496111
76561198920415926
76561198920751275
76561198928102041
76561198928296247
76561198928756581
76561198929625548
76561198931386884
76561198932023268
76561198932088851
76561198935035132
76561198936789863
76561198937517432
76561198940561286
76561198941514507
76561198942733752
76561198945654286
76561198946334645
76561198950715250
76561198950722117
76561198952647301
76561198953757387
76561198955803568
76561198957694497
76561198959436481
76561198960225294
76561198961265992
76561198961356055
76561198963827594
76561198963933388
76561198964851334
76561198966017193
76561198966830388
76561198968040732
76561198969456837
76561198970360479
76561198971126353
76561198972507092
76561198972836963
76561198973760867
76561198974398937
76561198975788589
76561198976341026
76561198976651764
76561198977847690
76561198977981615
76561198977997200
76561198978125535
76561198979455208
76561198980777191
76561198981620946
76561198981718740
76561198981786986
76561198982287561
76561198982971944
76561198983072671
76561198983749988
76561198984227952
76561198984364638
76561198985463428
76561198986171084
76561198986239325
76561198987298930
76561198987780173
76561198988172004
76561198989830356
76561198989883175
76561198990664913
76561198991142613
76561198991518800
76561198992809066
76561198993335528
76561198994452280
76561198994586495
76561198994793901
76561198994935701
76561198995390104
76561198995949476
76561198996707313
76561198996894732
76561198997075240
76561198997424677
76561198997957936
76561198998028088
76561198998556363
76561198998880228
76561198998914446
76561199000053854
76561199000490449
76561199000680287
76561199000913562
76561199001644115
76561199001724138
76561199002634788
76561199003312529
76561199003473057
76561199004023925
76561199007386810
76561199008240973
76561199008491342
76561199009103410
76561199010123988
76561199010301840
76561199012124945
76561199012398037
76561199012591339
76561199012730723
76561199013180808
76561199013285957
76561199013362586
76561199014243793
76561199015217108
76561199015323813
76561199015994220
76561199016469130
76561199016779422
76561199017571400
76561199017779194
76561199017812362
76561199018203932
76561199019127287
76561199019679190
76561199021946250
76561199022264005
76561199022757549
76561199023467156
76561199023522953
76561199024712971
76561199025067062
76561199025159570
76561199025326594
76561199026412958
76561199027251254
76561199027404806
76561199027646076
76561199027684894
76561199027879093
76561199028158597
76561199028900866
76561199030114644
76561199030172415
76561199031333670
76561199032060440
76561199032409585
76561199033179099
76561199034220088
76561199034356116
76561199036029471
76561199036082296
76561199036400268
76561199036465889
76561199036964935
76561199037661272
76561199037684985
76561199038394961
76561199038865445
76561199039632223
76561199040764412
76561199041180269
76561199041832148
76561199041925501
76561199043059288
76561199043141215
76561199043836588
76561199044048357
76561199045219319
76561199045522771
76561199045645466
76561199046113991
76561199046476434
76561199046509632
76561199046778145
76561199046791443
76561199047023902
76561199047226522
76561199047230692
76561199047699527
76561199047813946
76561199048847311
76561199049359325
76561199049602233
76561199049631817
76561199049873506
76561199051236791
76561199051442108
76561199051640202
76561199052603319
76561199052694721
76561199053020653
76561199053602986
76561199054180699
76561199054302291
76561199054399014
76561199054903126
76561199055194284
76561199055474699
76561199056486784
76561199056868640
76561199057185385
76561199057401417
76561199057461367
76561199058563133
76561199058723890
76561199058975986
76561199059069247
76561199059485253
76561199059896843
76561199060540581
76561199060843794
76561199060916228
76561199061343423
76561199061472118
76561199061805044
76561199062305518
76561199062497841
76561199062531406
76561199062818404
76561199063173793
76561199063278702
76561199063384178
76561199063576411
76561199063633863
76561199064447025
76561199064810667
76561199065362078
76561199065499999
76561199065891610
76561199066475857
76561199066621230
76561199067830667
76561199070590625
76561199070621300
76561199070958655
76561199071417186
76561199071446879
76561199071751195
76561199071966976
76561199072364251
76561199072673367
76561199073053699
76561199073142280
76561199074357972
76561199074583046
76561199076983440
76561199077481000
76561199077720941
76561199077762758
76561199077849955
76561199077978260
76561199078047037
76561199078226107
76561199078483249
76561199078744960
76561199081046544
76561199082337290
76561199085813509
76561199086496489
76561199086968198
76561199087053082
76561199087397953
76561199087539321
76561199087608525
76561199088455501
76561199088850814
76561199089030805
76561199089604438
76561199089638900
76561199089755826
76561199089973724
76561199090281126
76561199091168030
76561199091205233
76561199091224456
76561199091229423
76561199091571361
76561199091978264
76561199092119680
76561199092258505
76561199092749759
76561199093428949
76561199093682110
76561199093917767
76561199094190812
76561199094428068
76561199094722736
76561199094744276
76561199094795546
76561199095099341
76561199095352794
76561199095401565
76561199096131866
76561199097008046
76561199097157902
76561199097722411
76561199098335118
76561199098379665
76561199098558538
76561199099028583
76561199099976885
76561199100546403
76561199100633416
76561199100732017
76561199101642195
76561199102135630
76561199103098298
76561199104008780
76561199104588667
76561199104825586
76561199105378499
76561199106130369
76561199106560651
76561199107413392
76561199109260233
76561199109407097
76561199110575632
76561199111147390
76561199111697430
76561199111921582
76561199112200632
76561199112491696
76561199112591796
76561199112989596
76561199113359401
76561199114195479
76561199114326015
76561199114649246
76561199115542776
76561199115790427
76561199117970528
76561199118918788
76561199119064102
76561199119704814
76561199120603587
76561199120630451
76561199121461406
76561199121796975
76561199121941843
76561199122053135
76561199122124293
76561199122155899
76561199122327215
76561199122525566
76561199123254375
76561199123283684
76561199123336068
76561199123546700
76561199123665703
76561199123998854
76561199124026151
76561199124233942
76561199124320540
76561199124662650
76561199124860704
76561199125433216
76561199125639965
76561199126349375
76561199127713633
76561199128184706
76561199128800705
76561199129091653
76561199129552609
76561199129575002
76561199130232652
76561199130339535
76561199130495643
76561199130658908
76561199130839309
76561199131457031
76561199132513811
76561199132531241
76561199133978779
76561199135728854
76561199136555545
76561199137722036
76561199137977772
76561199138060282
76561199139933688
76561199140142569
76561199140273201
76561199140519786
76561199141045120
76561199141117289
76561199142040008
76561199142067563
76561199142332298
76561199143013912
76561199144074923
76561199144176134
76561199144267986
76561199146085876
76561199146302094
76561199147706144
76561199148292383
76561199148443047
76561199148635878
76561199149871085
76561199150204179
76561199150460017
76561199150703025
76561199152234598
76561199152606091
76561199152851893
76561199154744811
76561199155339629
76561199156410167
76561199156588375
76561199158086078
76561199158099014
76561199158513589
76561199158537380
76561199159314952
76561199159889803
76561199160729940
76561199161246104
76561199162208392
76561199162596306
76561199162854897
76561199163121254
76561199163606348
76561199163654276
76561199164092434
76561199164375667
76561199165593136
76561199166386778
76561199166479654
76561199168062982
76561199168283641
76561199168756499
76561199169004846
76561199169282400
76561199169808950
76561199170100442
76561199170109745
76561199170278413
76561199170983925
76561199171414851
76561199171738087
76561199171876975
76561199172909897
76561199173107942
76561199173201154
76561199173242556
76561199173359615
76561199173390921
76561199173424566
76561199174308094
76561199176081937
76561199177001061
76561199177322073
76561199177417720
76561199177578258
76561199179399148
76561199179992433
76561199180138672
76561199180262116
76561199180779480
76561199181216968
76561199181700167
76561199181893103
76561199182128674
76561199182403840
76561199183019051
76561199183243052
76561199183356424
76561199184745093
76561199184897332
76561199185282686
76561199185610270
76561199185746483
76561199186482545
76561199186982614
76561199187192842
76561199187737552
76561199188359791
76561199188420437
76561199188776355
76561199189087941
76561199189513320
76561199191220658
76561199191734628
76561199191994185
76561199192112744
76561199192134664
76561199192613469
76561199192826138
76561199192886227
76561199192890557
76561199193813255
76561199193869189
76561199194420558
76561199194479273
76561199194707556
76561199195104268
76561199195623773
76561199195848185
76561199196024609
76561199196240938
76561199196757250
76561199197262305
76561199197995993
76561199198357059
76561199198582668
76561199199912091
76561199200298895
76561199200403711
76561199200511681
76561199201081207
76561199201231736
76561199201269983
76561199201463367
76561199201630356
76561199201941800
76561199201969114
76561199203040392
76561199203123093
76561199203125656
76561199203389803
76561199203405666
76561199203695842
76561199203750832
76561199203923242
76561199204011756
76561199204144632
76561199204317762
76561199205071881
76561199205619824
76561199206225211
76561199206645013
76561199206863410
76561199207582097
76561199208057960
76561199208237374
76561199208763490
76561199209388230
76561199209650163
76561199209981854
76561199210109646
76561199210477973
76561199210561605
76561199211066419
76561199212079299
76561199212323628
76561199212458984
76561199212554736
76561199213403093
76561199213479622
76561199213539784
76561199213705959
76561199214176835
76561199214183958
76561199214231339
76561199214259899
76561199214924574
76561199215446932
76561199215591024
76561199215957501
76561199216004812
76561199216556078
76561199216724129
76561199216935440
76561199217263275
76561199217430658
76561199217433649
76561199217684248
76561199217699569
76561199217768929
76561199217971862
76561199218104990
76561199218268344
76561199218457782
76561199218828223
76561199219180586
76561199219265624
76561199219520452
76561199219682817
76561199220514913
76561199220847022
76561199221150350
76561199221201677
76561199221227818
76561199221438778
76561199221508626
76561199221996940
76561199222150003
76561199222308494
76561199222323969
76561199222700237
76561199222878660
76561199223392231
76561199223449772
76561199223750891
76561199224345000
76561199224744824
76561199225237048
76561199225327921
76561199225518205
76561199225655021
76561199226478788
76561199227207762
76561199227250487
76561199228863105
76561199229175753
76561199229378209
76561199229607409
76561199230137950
76561199230444278
76561199230454791
76561199230725678
76561199230771970
76561199230991723
76561199231353968
76561199231778661
76561199231888127
76561199232106563
76561199232130890
76561199232355544
76561199232365313
76561199232383710
76561199232488529
76561199232570479
76561199232635254
76561199233707676
76561199233738763
76561199234905923
76561199236134096
76561199236474694
76561199236629855
76561199236832944
76561199237556498
76561199237810911
76561199238071319
76561199238677959
76561199239024054
76561199239077870
76561199239248607
76561199239393880
76561199239945795
76561199241177938
76561199241685323
76561199241932494
76561199242047916
76561199242239075
76561199242299050
76561199242363871
76561199242556198
76561199242818586
76561199242826538
76561199242946715
76561199243557871
76561199243583525
76561199244468711
76561199245111940
76561199245267514
76561199245945730
76561199245989556
76561199246576321
76561199246618239
76561199246637820
76561199246757948
76561199247957599
76561199248529959
76561199248557960
76561199248654563
76561199249200923
76561199249550284
76561199249729938
76561199249994393
76561199250070608
76561199250152348
76561199250332684
76561199250513593
76561199250559045
76561199251082026
76561199251962671
76561199251985961
76561199252435991
76561199253358482
76561199253926239
76561199256226369
76561199256540891
76561199256672722
76561199256829887
76561199257256885
76561199258381510
76561199258667152
76561199258787312
76561199259170165
76561199259631732
76561199260883416
76561199261180957
76561199261556153
76561199261816146
76561199262018486
76561199263487304
76561199263499695
76561199264869032
76561199265079501
76561199265573733
76561199266633240
76561199268515453
76561199269210534
76561199269792141
76561199271426739
76561199271728873
76561199272446501
76561199274037237
76561199274876079
76561199274964182
76561199275103991
76561199276157291
76561199277128070
76561199277758139
76561199278771560
76561199279081070
76561199281607590
76561199282124426
76561199285005987
76561199285387050
76561199285412649
76561199286786807
76561199287459554
76561199287603079
76561199289680925
76561199291492891
76561199293011526
76561199293554694
76561199294686087
76561199297531756
76561199300743879
76561199303804164
76561199304713845
76561199305327096
76561199306443871
76561199307368315
76561199309459342
76561199310029848
76561199310124064
76561199310409852
76561199312138097
76561199316792983
76561199316841574
76561199318585227
76561199319092378
76561199319494196
76561199319646880
76561199322892342
76561199323117199
76561199323256846
76561199327843645
76561199330874233
76561199333889687
76561199336689241
76561199337154945
76561199337472787
76561199338414778
76561199341361538
76561199341426152
76561199342118563
76561199342343454
76561199342895383
76561199343631701
76561199343894858
76561199345007906
76561199345577947
76561199347035365
76561199347077134
76561199347196961
76561199347284129
76561199347851731
76561199348055063
76561199350719388
76561199350864880
76561199352842980
76561199355124544
76561199356488024
76561199356871091
76561199360836392
76561199361181758
76561199365550089
76561199365572472
76561199365719378
76561199365868480
76561199368305461
76561199368513866
76561199368751407
76561199369425132
76561199370671198
76561199371564951
76561199371829670
76561199372126621
76561199373122116
76561199373279773
76561199374425655
76561199375148414
76561199375381959
76561199376456114
76561199376466944
76561199376516701
76561199376833215
76561199377018626
76561199378270640
76561199378592876
76561199378594295
76561199379036934
76561199379122719
76561199379253208
76561199379714333
76561199379866656
76561199381643790
76561199381650840
76561199382778190
76561199382981613
76561199383104934
76561199383795019
76561199384075730
76561199384122461
76561199384324461
76561199385045811
76561199385328020
76561199385686430
76561199385819096
76561199385820336
76561199386988889
76561199387329212
76561199388307079
76561199389066063
76561199389469445
76561199389653333
76561199389851560
76561199390911079
76561199392381231
76561199392526150
76561199393247764
76561199393343214
76561199394663311
76561199396450194
76561199396863816
76561199396891474
76561199400098378
76561199400622959
76561199400980229
76561199401240596
76561199401367202
76561199401399076
76561199401591512
76561199402465424
76561199403644294
76561199403696991
76561199403952806
76561199404118352
76561199404347506
76561199404364619
76561199404763373
76561199405148930
76561199405873561
76561199406934943
76561199407441003
76561199407844439
76561199408842553
76561199415823021
76561199417149610
76561199417187464
76561199417884506
76561199418373890
76561199421462311
76561199422527359
76561199423773630
76561199424167113
76561199427338013
76561199427452345
76561199427753014
76561199428191220
76561199429800712
76561199429881191
76561199431278365
76561199431326458
76561199431372158
76561199431562993
76561199432606978
76561199433504227
76561199433734022
76561199434353811
76561199434377373
76561199434395275
76561199434933109
76561199436228939
76561199436908470
76561199437385885
76561199437779534
76561199437835627
76561199438037410
76561199438102137
76561199438612802
76561199438843493
76561199439117150
76561199439168192
76561199439442981
76561199439509723
76561199440292929
76561199440359046
76561199440980741
76561199441703051
76561199441768979
76561199442004196
76561199443365167
76561199443878110
76561199444690356
76561199445351180
76561199445795874
76561199445840793
76561199446020087
76561199446215071
76561199446276081
76561199446357277
76561199446697561
76561199446918606
76561199446982672
76561199447071031
76561199447892503
76561199450981339
76561199451642594
76561199452014538
76561199452996951
76561199465900864
76561199465903171
76561199466135138
76561199466252954
76561199466261378
76561199466342053
76561199466392091
76561199466507327
76561199466579049
76561199466680140
76561199467130935
76561199467286453
76561199467305341
76561199467448712
76561199467477695
76561199468030745
76561199468618111
76561199468803478
76561199468822265
76561199469014537
76561199469871611
76561199470364161
76561199470564675
76561199470615667
76561199470700608
76561199470787180
76561199471167755
76561199471264996
76561199471284100
76561199471757879
76561199471810052
76561199472154690
76561199472182973
76561199472226415
76561199472479650
76561199472569355
76561199473217709
76561199473455049
76561199473638042
76561199474024343
76561199474371644
76561199474474323
76561199474514561
76561199474755619
76561199475194695
76561199475296315
76561199475833223
76561199475894166
76561199476167555
76561199476288533
76561199477034566
76561199477468244
76561199477641242
76561199477691726
76561199478326871
76561199478378455
76561199478417673
76561199478843429
76561199479457727
76561199479586717
76561199479603898
76561199479913798
76561199480260750
76561199481061983
76561199481401582
76561199481473347
76561199481739388
76561199482203239
76561199482890384
76561199482898924
76561199483117622
76561199483215924
76561199483286322
76561199484250747
76561199484723934
76561199485429983
76561199485868934
76561199486056173
76561199486113729
76561199486428345
76561199486767176
76561199486974386
76561199487036934
76561199487148216
76561199488568787
76561199488818967
76561199488929399
76561199489126147
76561199489202448
76561199489261009
76561199491099490
76561199491138448
76561199491366259
76561199493881734
76561199494013641
76561199494064076
76561199494383801
76561199494561992
76561199494842257
76561199495716670
76561199495825143
76561199495954594
76561199496307329
76561199496419764
76561199496542979
76561199496950509
76561199497172641
76561199497662811
76561199497664996
76561199498733607
76561199499105946
76561199499140670
76561199499628067
76561199499748487
76561199499784470
76561199500066585
76561199500171987
76561199500194554
76561199500286914
76561199500334438
76561199500764532
76561199501216665
76561199501979540
76561199502223517
76561199502915957
76561199503012867
76561199503286318
76561199503687893
76561199503987099
76561199504670689
76561199504912739
76561199505231034
76561199505461962
76561199505672208
76561199505853234
76561199506010871
76561199506097879
76561199506134442
76561199506797562
76561199506924473
76561199507028989
76561199507545965
76561199507642239
76561199507667337
76561199507801470
76561199507932535
76561199508157305
76561199508231184
76561199508278724
76561199508463561
76561199508488721
76561199509364566
76561199509407243
76561199509484081
76561199509773442
76561199509914431
76561199510034700
76561199510036835
76561199510305682
76561199510330704
76561199510465484
76561199510562277
76561199510731124
76561199511367981
76561199511457681
76561199511585811
76561199512218720
76561199512287043
76561199512826175
76561199513640759
76561199514422038
76561199514435234
76561199515581572
76561199515985985
76561199516231950
76561199516503903
76561199516691970
76561199517037080
76561199517368336
76561199517450059
76561199518344095
76561199518350311
76561199518993044
76561199519368957
76561199519671193
76561199519761010
76561199519780874
76561199520514380
76561199521622543
76561199521737485
76561199521890985
76561199521977794
76561199521990390
76561199522141812
76561199522170071
76561199522411793
76561199522520786
76561199522540163
76561199522881380
76561199523147317
76561199523180080
76561199523182182
76561199523632670
76561199523656659
76561199523783411
76561199523901641
76561199524094212
76561199524200819
76561199524570344
76561199525181113
76561199525328947
76561199525371853
76561199525931014
76561199526848644
76561199527016402
76561199527332112
76561199527517542
76561199527759444
76561199527882086
76561199527913332
76561199527939725
76561199528378839
76561199528413701
76561199528655286
76561199528920736
76561199529082128
76561199529403693
76561199529692771
76561199529836080
76561199529992123
76561199530154806
76561199530333322
76561199530453167
76561199531224195
76561199531988268
76561199532534611
76561199532619504
76561199533177881
76561199535247273
76561199535590204
76561199535828522
76561199535990468
76561199536139454
76561199536223052
76561199536274666
76561199536740515
76561199537704987
76561199538147622
76561199539014899
76561199539059762
76561199539092429
76561199539978225
76561199540036520
76561199540908918
76561199541573820
76561199541601876
76561199541941754
76561199543062189
76561199543212901
76561199543293389
76561199543335310
76561199543686931
76561199543914567
76561199544452537
76561199544748456
76561199544786856
76561199544994312
76561199545018725
76561199545130476
76561199545290142
76561199545547130
76561199545569999
76561199545612302
76561199546046651
76561199546100987
76561199546136061
76561199546278695
76561199546592376
76561199546647462
76561199546661283
76561199546764628
76561199546765243
76561199546991735
76561199547031072
76561199547339089
76561199548468387
76561199549241856
76561199549628572
76561199549685097
76561199549952447
76561199550492425
76561199550712207
76561199550851417
76561199551062239
76561199551427062
76561199551615064
76561199551867935
76561199552210238
76561199552924078
76561199553202754
76561199553832533
76561199553934816
76561199554984347
76561199555488301
76561199555801877
76561199556263800
76561199556331575
76561199556336027
76561199556695043
76561199556921879
76561199557142317
76561199557415256
76561199557458025
76561199557652310
76561199557779204
76561199557847419
76561199557915337
76561199558255735
76561199558552563
76561199558802340
76561199559140479
76561199559260644
76561199559422148
76561199560051731
76561199560214887
76561199560913581
76561199560917234
76561199561088635
76561199561111569
76561199561490663
76561199562159761
76561199562220198
76561199562729575
76561199563576668
76561199563600077
76561199563804637
76561199564207458
76561199564214273
76561199564516403
76561199564721192
76561199564752183
76561199565698749
76561199565794104
76561199567584364
76561199567835092
76561199568150325
76561199568179353
76561199568307514
76561199568672103
76561199568854655
76561199569770286
76561199569874800
76561199570427658
76561199570542965
76561199570633645
76561199570645839
76561199571150812
76561199571195045
76561199571267916
76561199571461581
76561199571642379
76561199571677878
76561199571792653
76561199571941161
76561199572287025
76561199572302671
76561199573362495
76561199574414543
76561199574576498
76561199574604601
76561199574795060
76561199575712996
76561199575915396
76561199575988158
76561199576401964
76561199576667205
76561199577166693
76561199577784575
76561199578704896
76561199579080049
76561199579095383
76561199579319067
76561199579487392
76561199579945706
76561199579979493
76561199580076177
76561199580087258
76561199580668108
76561199581660510
76561199581781760
76561199582852943
76561199583788453
76561199583847607
76561199584681944
76561199584729686
76561199585554563
76561199585713459
76561199585896884
76561199586400855
76561199586911535
76561199587240938
76561199587271500
76561199588298406
76561199589464597
76561199589851931
76561199589875708
76561199589932917
76561199591337804
76561199591403803
76561199591759837
76561199592013978
76561199592067276
76561199592073068
76561199592510844
76561199593018449
76561199594124094
76561199595192007
76561199597632023
76561199597848134
76561199598745801
76561199598875098
76561199604419762
76561199605838907
76561199609004776
76561199610840008
76561199611468923
76561199612122990
76561199615615974
76561199616035854
76561199616173481
76561199616518918
76561199618251302
76561199619158349
76561199621834648
76561199622514310
76561199623093038
76561199623856937
76561199624729315
76561199625390458
76561199625614349
76561199625689920
76561199625861213
76561199627043164
76561199628128308
76561199628208021
76561199628716127
76561199628741319
76561199628809018
76561199629238821
76561199630074587
76561199630150408
76561199630514656
76561199630597429
76561199630597669
76561199630652800
76561199630871205
76561199631139867
76561199631284129
76561199631505360
76561199632709268
76561199633513979
76561199633806471
76561199633916540
76561199634340788
76561199634886264
76561199635228620
76561199635942975
76561199636134789
76561199636929849
76561199637890852
76561199640038169
76561199641261661
76561199641521719
76561199641536111
76561199641639209
76561199642506074
76561199642566197
76561199643179094
76561199643641091
76561199643905394
76561199644243340
76561199644473145
76561199644530268
76561199644804037
76561199646672232
76561199647939357
76561199649167381
76561199649249480
76561199649481608
76561199649615187
76561199650728425
76561199650977370
76561199651457610
76561199651673874
76561199651680435
76561199652354687
76561199652528545
76561199652548973
76561199652853407
76561199653461877
76561199653629626
76561199653644873
76561199653699905
76561199653788025
76561199653815902
76561199653955508
76561199653972792
76561199654090540
76561199654509074
76561199654685786
76561199654822103
76561199655307003
76561199655843549
76561199655848498
76561199655893822
76561199655911500
76561199656023773
76561199656468796
76561199656536710
76561199657381910
76561199657694336
76561199657703324
76561199657807829
76561199657813749
76561199657908419
76561199658160035
76561199658469983
76561199658705712
76561199658787378
76561199659137508
76561199659817765
76561199660115222
76561199660356399
76561199660507465
76561199660953185
76561199661189770
76561199661298144
76561199661612969
76561199664620419
76561199664632438
76561199665172233
76561199665566878
76561199665882097
76561199666303600
76561199666994494
76561199667465615
76561199667701492
76561199667782081
76561199668816423
76561199668983136
76561199669054577
76561199669311890
76561199669628972
76561199669914861
76561199671560858
76561199672075138
76561199672228055
76561199673469294
76561199674129002
76561199674646496
76561199676119300
76561199676135521
76561199676137661
76561199676613838
76561199677193958
76561199678005346
76561199678810639
76561199679533269
76561199679682558
76561199680032226
76561199680047102
76561199680089502
76561199680686731
76561199680724773
76561199681701170
76561199681939423
76561199682314952
76561199682335716
76561199682960847
76561199683146263
76561199683387246
76561199683475735
76561199684013636
76561199685513932
76561199685937183
76561199686329700
76561199688030118
76561199689201213
76561199689396515
76561199690080488
76561199691302197
76561199692040502
76561199692401559
76561199693374091
76561199694602286
76561199694964468
76561199695067545
76561199696057441
76561199696781474
76561199696921453
76561199697136826
76561199697219087
76561199697442073
76561199697588970
76561199697631227
76561199697931055
76561199698260262
76561199698353421
76561199698500806
76561199698701648
76561199698730835
76561199698734780
76561199698976367
76561199699424049
76561199699731760
76561199699795353
76561199700202589
76561199700532777
76561199700610169
76561199700982145
76561199702344965
76561199702565412
76561199703178454
76561199705029164
76561199705134154
76561199705291217
76561199705358910
76561199706045937
76561199706183277
76561199706244484
76561199706785790
76561199707798782
76561199707927482
76561199708279255
76561199708694442
76561199708706807
76561199709618371
76561199710332614
76561199710485615
76561199711937519
76561199712630360
76561199712820153
76561199712845436
76561199713209739
76561199715762843
76561199716291044
76561199716375799
76561199716655921
76561199717035586
76561199722503971
76561199723191739
76561199723538411
76561199725501283
76561199725721787
76561199726051142
76561199726692811
76561199727644015
76561199728364079
76561199728591321
76561199729010829
76561199729088973
76561199729716348
76561199730294849
76561199730451014
76561199730525090
76561199730565242
76561199730937942
76561199731237600
76561199731366841
76561199731681952
76561199732314637
76561199732424410
76561199733527493
76561199733991238
76561199734188909
76561199734400296
76561199735322728
76561199735547067
76561199735673608
76561199735700337
76561199736525228
76561199737391960
76561199737487871
76561199737756273
76561199738503288
76561199739591876
76561199740450030
76561199740639206
76561199742279516
76561199742385500
76561199742722082
76561199742772759
76561199744231502
76561199744379680
76561199745482973
76561199746357171
76561199746376804
76561199747286158
76561199747545157
76561199748135150
76561199748734560
76561199748997159
76561199749417953
76561199749434971
76561199749541494
76561199749609626
76561199749663544
76561199749664410
76561199749749277
76561199750527356
76561199750642650
76561199751042662
76561199751056245
76561199751193843
76561199751229188
76561199751320422
76561199751578110
76561199751916973
76561199752131742
76561199753156247
76561199753217736
76561199754047003
76561199754416199
76561199754561239
76561199754779318
76561199754831510
76561199755334311
76561199756186755
76561199756356314
76561199756704587
76561199757016403
76561199757644497
76561199757665819
76561199758083419
76561199758254506
76561199758397736
76561199758765377
76561199758904568
76561199759313655
76561199759371578
76561199759377410
76561199759460753
76561199759633788
76561199759772813
76561199760494337
76561199760593167
76561199760810735
76561199760873015
76561199761382379
76561199761771811
76561199762321617
76561199762359215
76561199762417754
76561199762489064
76561199762530975
76561199762862449
76561199764006711
76561199764664302
76561199764888098
76561199765111768
76561199765175586
76561199765640809
76561199765819047
76561199766391279
76561199766539523
76561199766641508
76561199766753563
76561199767480372
76561199767625487
76561199767656552
76561199768154472
76561199768454487
76561199768702746
76561199768777552
76561199769701587
76561199770034706
76561199770191903
76561199771985610
76561199772131227
76561199772569510
76561199772739499
76561199773068228
76561199773360297
76561199773391219
76561199773510128
76561199773568994
76561199774223365
76561199774771928
76561199774949135
76561199775705261
76561199775725025
76561199776099091
76561199777655221
76561199777768757
76561199777810782
76561199777873163
76561199778203023
76561199778650629
76561199779375830
76561199779537594
76561199779948525
76561199780116670
76561199780436235
76561199780616865
76561199780835582
76561199781328578
76561199782616977
76561199782927544
76561199782969462
76561199783353892
76561199783401772
76561199783768286
76561199783768475
76561199784004615
76561199784154227
76561199784364542
76561199784375157
76561199785103215
76561199785144018
76561199785279782
76561199785626888
76561199785810817
76561199785946319
76561199785971699
76561199785986449
76561199786322297
76561199786564970
76561199786737546
76561199787106971
76561199787634891
76561199787743922
76561199787861575
76561199788092815
76561199788369358
76561199788487882
76561199788516847
76561199788597199
76561199788667250
76561199788720287
76561199789146218
76561199789274563
76561199789296071
76561199789352490
76561199789380886
76561199789548661
76561199789947837
76561199790037343
76561199790264898
76561199790399714
76561199790448893
76561199790668870
76561199790963046
76561199792277650
76561199792490713
76561199792734499
76561199792837511
76561199793152778
76561199793160115
76561199793705565
76561199794161087
76561199794502933
76561199794739677
76561199794772724
76561199794779508
76561199794813864
76561199795091326
76561199795273898
76561199795438465
76561199795582295
76561199795692889
76561199795766183
76561199795970258
76561199796106212
76561199796281084
76561199796492647
76561199796819533
76561199797029121
76561199797362956
76561199797708472
76561199797968608
76561199798176902
76561199798204050
76561199798310620
76561199798409628
76561199798774983
76561199798887889
76561199798934284
76561199798981205
76561199799226144
76561199799499527
76561199799593088
76561199799764548
76561199799846281
76561199799863816
76561199800158303
76561199800253190
76561199800284908
76561199800314305
76561199800428159
76561199800476492
76561199800498718
76561199800561425
76561199800668451
76561199800750377
76561199800888161
76561199801057015
76561199801125563
76561199801162334
76561199801162638
76561199801248146
76561199801272681
76561199801279711
76561199801330034
76561199801468900
76561199801509939
76561199801512999
76561199801672489
76561199801703582
76561199801724109
76561199801736932
76561199802045356
76561199802108664
76561199802161115
76561199802227576
76561199802270297
76561199802292883
76561199802343569
76561199802365360
76561199802411768
76561199802604319
76561199802646655
76561199802671017
76561199802720703
76561199802722575
76561199802868498
76561199802934023
76561199802954233
76561199803002282
76561199803005804
76561199803227961
76561199803285031
76561199803372566
76561199803683340
76561199803685310
76561199803737759
76561199803836869
76561199803862225
76561199803883009
76561199803933097
76561199804151877
76561199804167542
76561199804297976
76561199804422977
76561199804508401
76561199804558013
76561199804565976
76561199804624674
76561199804962748
76561199805214035
76561199805271889
76561199805369385
76561199805416603
76561199805469170
76561199805730096
76561199805739660
76561199805754273
76561199805793614
76561199805928849
76561199806116843
76561199806161820
76561199806197270
76561199806318055
76561199806368284
76561199806410283
76561199806681825
76561199806831056
76561199807063152
76561199807071307
76561199807286677
76561199807301302
76561199807342120
76561199807359908
76561199807391110
76561199807615095
76561199807769538
76561199807852294
76561199807852986
76561199807924958
76561199807930669
76561199808023567
76561199808046100
76561199808249235
76561199808619894
76561199808652845
76561199808718440
76561199808784430
76561199808819496
76561199808920423
76561199808941143
76561199808998645
76561199809036372
76561199809093662
76561199809111106
76561199809118152
76561199809120488
76561199809378717
76561199809447529
76561199809643925
76561199809650481
76561199809702945
76561199809730969
76561199809899624
76561199809928262
76561199809978694
76561199810078231
76561199810091050
76561199810311797
76561199810342877
76561199810388625
76561199810514718
76561199810520126
76561199810523861
76561199810560690
76561199810720018
76561199810722045
76561199810755586
76561199810757242
76561199810800538
76561199810824088
76561199810941580
76561199811122207
76561199811399986
76561199811483132
76561199811553253
76561199811641416
76561199811745470
76561199811818052
76561199811880369
76561199811944581
76561199812206115
76561199812206394
76561199812287843
76561199812389325
76561199812407746
76561199812436448
76561199812518868
76561199812777725
76561199812932902
76561199813035072
76561199813111017
76561199813112776
76561199813135826
76561199813220522
76561199813251366
76561199813275409
76561199813298006
76561199813431254
76561199813465715
76561199813521026
76561199813633054
76561199813764045
76561199813992941
76561199814004306
76561199814088757
76561199814181823
76561199814253429
76561199814428333
76561199814517191
76561199814603830
76561199814785828
76561199814953765
76561199814960157
76561199815005784
76561199815101081
76561199815133515
76561199815365317
76561199815421703
76561199815465863
76561199815572211
76561199815843141
76561199815871624
76561199816054792
76561199816064495
76561199816186808
76561199816397415
76561199816542248
76561199816692821
76561199816696278
76561199816809040
76561199817116276
76561199817575110
76561199817587176
76561199817643907
76561199817809867
76561199817876332
76561199818024487
76561199818142346
76561199818277303
76561199818298758
76561199818429386
76561199818490363
76561199818512955
76561199818587339
76561199818591066
76561199818591668
76561199818619447
76561199818651682
76561199818780939
76561199818815639
76561199818818887
76561199819017965
76561199819038590
76561199819124287
76561199819129034
76561199819314475
76561199819602990
76561199819622732
76561199819634575
76561199819636440
76561199819693772
76561199819731802
76561199819837961
76561199819943400
76561199820008939
76561199820131812
76561199820183621
76561199820391344
76561199820425639
76561199820432070
76561199820460792
76561199820634616
76561199820664044
76561199820738798
76561199820789446
76561199820792862
76561199820997505
76561199821081618
76561199821244242
76561199821510151
76561199821539208
76561199821630196
76561199821668688
76561199821773415
76561199821806696
76561199821845335
76561199821871190
76561199821947224
76561199821956206
76561199822061368
76561199822122988
76561199822229188
76561199822263840
76561199822375304
76561199822397005
76561199822407612
76561199822663030
76561199822853661
76561199822912900
76561199823152481
76561199823315987
76561199823418927
76561199823562704
76561199823586426
76561199823713718
76561199823882354
76561199824013948
76561199824032619
76561199824068217
76561199824276955
76561199824362159
76561199824458838
76561199824535313
76561199824584602
76561199824615170
76561199824665531
76561199824699982
76561199825059558
76561199825525796
76561199825703048
76561199825848550
76561199826122837
76561199826242339
76561199826447715
76561199826475464
76561199826544935
76561199826659951
76561199826737343
76561199826843486
76561199826938527
76561199826971811
76561199826972298
76561199827088687
76561199827117683
76561199827145379
76561199827204285
76561199827264318
76561199827330764
76561199827425693
76561199827431375
76561199827468110
76561199827499350
76561199827515533
76561199827542583
76561199827649073
76561199827962160
76561199827973020
76561199828131054
76561199828157922
76561199828176168
76561199828212211
76561199828230148
76561199828256312
76561199828314845
76561199828456981
76561199828591584
76561199828710653
76561199828813518
76561199828860911
76561199828975659
76561199829061372
76561199829227833
76561199829291579
76561199829371689
76561199829445546
76561199829463383
76561199829564479
76561199829739863
76561199829885899
76561199829902236
76561199830158378
76561199830387362
76561199830633905
76561199830745035
76561199830964614
76561199831115586
76561199831158663
76561199831175220
76561199831291394
76561199831848333
76561199831951549
76561199832031351
76561199832122225
76561199832173334
76561199832258503
76561199832965582
76561199833174349
76561199833442307
76561199833525538
76561199833558743
76561199833660887
76561199833756209
76561199833767988
76561199834119219
76561199834183523
76561199834206775
76561199834337435
76561199834602099
76561199834718745
76561199835052772
76561199835348557
76561199835678474
76561199835734432
76561199835801095
76561199835927281
76561199835949459
76561199836064669
76561199836177546
76561199836362997
76561199836517149
76561199836882876
76561199836908093
76561199836944056
76561199837136881
76561199837361798
76561199837382713
76561199837507759
76561199837567499
76561199837960735
76561199837985889
76561199838028465
76561199838445423
76561199838511060
76561199838523222
76561199838526796
76561199839407454
76561199839455568
76561199839490194
76561199839842516
76561199840040880
76561199840269286
76561199840513622
76561199840699593
76561199840738109
76561199840770413
76561199840921534
76561199841017595
76561199841149025
76561199841291026
76561199841555329
76561199841689228
76561199841700148
76561199841958544
76561199842175623
76561199842222823
76561199842321375
76561199842500753
76561199842627772
76561199842837767
76561199843203564
76561199843290698
76561199843536330
76561199843690224
76561199843842789
76561199843845973
76561199844094509
76561199844164513
76561199844209738
76561199844322141
76561199844514337
76561199844516256
76561199844629179
76561199844647168
76561199844822945
76561199844962681
76561199845052578
76561199845151311
76561199845264363
76561199845306344
76561199845360959
76561199845478031
76561199845670704
76561199845780257
76561199845789679
76561199845941387
76561199845975830
76561199846103284
76561199846105365
76561199846116797
76561199846243311
76561199846395030
76561199846421622
76561199846430292
76561199846438249
76561199846526357
76561199846669697
76561199846743964
76561199846950268
76561199847131361
76561199847186692
76561199847223028
76561199847232569
76561199847336468
76561199847339947
76561199847476899
76561199847499270
76561199847561836
76561199847711224
76561199848023923
76561199848024660
76561199848086892
76561199848220498
76561199848576408
76561199848850380
76561199849287362
76561199849313847
76561199849687041
76561199849715763
76561199849797570
76561199849916117
76561199850003264
76561199850097703
76561199850112378
76561199850145474
76561199850146549
76561199850439522
76561199850460489
76561199850572282
76561199850668784
76561199850678591
76561199850724334
76561199851007443
76561199851169042
76561199851201023
76561199851804213
76561199851908458
76561199852076834
76561199852200728
76561199852281966
76561199852636000
76561199852700747
76561199852717570
76561199852720286
76561199852727905
76561199852934286
76561199853697246
76561199853699203
76561199853776668
76561199853890862
76561199853894267
76561199853947263
76561199853967560
76561199854004485
76561199854025588
76561199854235429
76561199854269773
76561199854336265
76561199854578483
76561199854626037
76561199854671673
76561199854673242
76561199854861865
76561199854953506
76561199855170675
76561199855230881
76561199855351737
76561199855440122
76561199855461538
76561199855583577
76561199855757044
76561199855764063
76561199855834984
76561199855868207
76561199855930865
76561199856020478
76561199856167372
76561199856314961
76561199856326460
76561199856457528
76561199856524437
76561199856691983
76561199856703265
76561199856757819
76561199857020673
76561199857432438
76561199857541202
76561199857542254
76561199857586375
76561199857919788
76561199858226512
76561199858270385
76561199858333657
76561199858420832
76561199858618132
76561199859057329
76561199859326784
76561199859361234
76561199859688785
76561199859787250
76561199860266287
76561199860705015
76561199860883047
76561199861086718
76561199861291367
76561199861298033
76561199861303115
76561199861373851
76561199861511990
76561199861579220
76561199861725195
76561199861846144
76561199862034887
76561199862129202
76561199862343888
76561199862577896
76561199862615096
76561199862696299
76561199862741782
76561199862746141
76561199863059982
76561199863328617
76561199863363243
76561199863442758
76561199863590636
76561199863659096
76561199863662287
76561199863785249
76561199863823867
76561199863861356
76561199864073455
76561199864335657
76561199864403659
76561199864434055
76561199864451441
76561199864460469
76561199864475362
76561199864518262
76561199864625876
76561199864822237
76561199864854217
76561199864854812
76561199864884003
76561199865208151
76561199865488109
76561199865521438
76561199865838778
76561199865904750
76561199866112473
76561199866254177
76561199866520447
76561199866877787
76561199866926435
76561199866939325
76561199866971109
76561199867044941
76561199867068999
76561199867277559
76561199867445407
76561199867485125
76561199867681647
76561199867844186
76561199867994967
76561199868216846
76561199868282239
76561199868375002
76561199868466970
76561199868504055
76561199868753149
76561199868793481
76561199868814466
76561199868867819
76561199868999787
76561199869285390
76561199870177376
76561199870191450
76561199870379132
76561199870387181
76561199870604803
76561199870657788
76561199870850880
76561199870884267
76561199870913005
76561199871032309
76561199871145836
76561199871230004
76561199871551897
76561199871680543
76561199871888030
76561199872287235
76561199872343845
76561199872390857
76561199872555830
76561199872598598
76561199872677119
76561199872791951
76561199872836610
76561199873098039
76561199873128548
76561199873217014
76561199873756144
76561199873892962
76561199873951942
76561199874039464
76561199874328426
76561199874847485
76561199875059970
76561199875300642
76561199875754390
76561199876015126
76561199876022980
76561199876027314
76561199876078574
76561199876088118
76561199876238606
76561199876405979
76561199876617778
76561199876770887
76561199876806532
76561199877177893
76561199877348594
76561199877397476
76561199877531237
76561199877690941
76561199877803338
76561199877941714
76561199878107011
76561199878119916
76561199878263683
76561199878349265
76561199878706089
76561199878806587
76561199878936449
76561199878976512
76561199878991121
76561199879523919
76561199879791912
76561199879996050
76561199880026562
76561199880051498
76561199880146126
76561199880342391
76561199880408445
76561199880497972
76561199880676370
76561199880778620
76561199880816605
76561199880840107
76561199880934019
76561199881092356
76561199881142217
76561199881295628
76561199881475005
76561199881489542
76561199881763663
76561199881963896
76561199882284133
76561199882713900
76561199882890104
76561199883400254
76561199883404286
76561199883413572
76561199883592399
76561199883711673
76561199883848396
76561199884068086
76561199884125631
76561199884331895
76561199884607866
76561199885034383
76561199885167087
76561199885256596
76561199885310678
76561199885433446
76561199885449050
76561199885475064
76561199885565285
76561199885591159
76561199885666135
76561199886051307
76561199886314494
76561199886484334
76561199886519492
76561199886665806
76561199886753887
76561199886847948
76561199886890800
76561199886992733
76561199887027879
76561199887155680
76561199887275072
76561199887365551
76561199887462551
76561199887500985
76561199887506336
76561199887515135
76561199887843062
76561199887940058
76561199888062900
76561199888116936
76561199888155616
76561199888206859
76561199888643641
76561199889548921
76561199889629095
76561199889758115
76561199889839293
76561199890191682
76561199890566153
76561199890576305
76561199890950014
76561199891012509
76561199891509940
76561199894404010